s07_AV14 Record=837: Chrysotile HS323.1B          ASDNGa AREF
 7.9675055e-001
 8.0701429e-001
 8.1989902e-001
 8.3315438e-001
 8.4326446e-001
 8.4989274e-001
 8.5557145e-001
 8.6071175e-001
 8.6550778e-001
 8.7045968e-001
 8.7530845e-001
 8.8046998e-001
 8.8525444e-001
 8.8914353e-001
 8.9249176e-001
 8.9547372e-001
 8.9786196e-001
 9.0001065e-001
 9.0186423e-001
 9.0329611e-001
 9.0492558e-001
 9.0547711e-001
 9.0642941e-001
 9.0740860e-001
 9.0792757e-001
 9.0831733e-001
 9.0850651e-001
 9.0860498e-001
 9.0852094e-001
 9.0846360e-001
 9.0840375e-001
 9.0830350e-001
 9.0842199e-001
 9.0833157e-001
 9.0821981e-001
 9.0809393e-001
 9.0805435e-001
 9.0801877e-001
 9.0782726e-001
 9.0757716e-001
 9.0736556e-001
 9.0738797e-001
 9.0740347e-001
 9.0745366e-001
 9.0759170e-001
 9.0778357e-001
 9.0804911e-001
 9.0811503e-001
 9.0831733e-001
 9.0824699e-001
 9.0808117e-001
 9.0799683e-001
 9.0771097e-001
 9.0742171e-001
 9.0723532e-001
 9.0708357e-001
 9.0671444e-001
 9.0638757e-001
 9.0639967e-001
 9.0639621e-001
 9.0604097e-001
 9.0450728e-001
 9.0250164e-001
 9.0467483e-001
 9.0594596e-001
 9.0641636e-001
 9.0678310e-001
 9.0692580e-001
 9.0700626e-001
 9.0693617e-001
 9.0708333e-001
 9.0748566e-001
 9.0752703e-001
 9.0732032e-001
 9.0699846e-001
 9.0662956e-001
 9.0618449e-001
 9.0600109e-001
 9.0587819e-001
 9.0563291e-001
 9.0569675e-001
 9.0565717e-001
 9.0551227e-001
 9.0520835e-001
 9.0505886e-001
 9.0505892e-001
 9.0493584e-001
 9.0478653e-001
 9.0465397e-001
 9.0425420e-001
 9.0432423e-001
 9.0480685e-001
 9.0477926e-001
 9.0466559e-001
 9.0393722e-001
 9.0300024e-001
 9.0396571e-001
 9.0297586e-001
 9.0123391e-001
 8.9954239e-001
 9.0062708e-001
 9.0101504e-001
 9.0096349e-001
 9.0076399e-001
 9.0041560e-001
 8.9940113e-001
 8.9321351e-001
 8.8958746e-001
 8.7860447e-001
 8.0726194e-001
 8.1077892e-001
 8.5952652e-001
 8.8235670e-001
 8.8952774e-001
 8.9209712e-001
 8.9390326e-001
 8.9469475e-001
 8.9498061e-001
 8.9580500e-001
 8.9641094e-001
 8.9679551e-001
 8.9690638e-001
 8.9700377e-001
 8.9745408e-001
 8.9807242e-001
 8.9865452e-001
 8.9886034e-001
 8.9917111e-001
 8.9941114e-001
 8.9918286e-001
 8.9883083e-001
 8.9866918e-001
 8.9850545e-001
 8.9863968e-001
 8.9858776e-001
 8.9862388e-001
 8.9834780e-001
 8.9797568e-001
 8.9755851e-001
 8.9722353e-001
 8.9633888e-001
 8.9599347e-001
 8.9577621e-001
 8.9482200e-001
 8.9374018e-001
 8.9297450e-001
 8.9203072e-001
 8.9142483e-001
 8.9145827e-001
 8.9136636e-001
 8.9081472e-001
 8.9003927e-001
 8.8893914e-001
 8.8814151e-001
 8.8769513e-001
 8.8667721e-001
 8.8588756e-001
 8.8545108e-001
 8.8304651e-001
 8.8252044e-001
 8.8446909e-001
 8.7986183e-001
 8.7333119e-001
 8.6519277e-001
 8.5456383e-001
 8.4644830e-001
 8.4383446e-001
 8.4312797e-001
 8.4277600e-001
 8.4079677e-001
 8.3891869e-001
 8.3791935e-001
 8.3827025e-001
 8.4081495e-001
 8.4616941e-001
 8.5083884e-001
 8.5370886e-001
 8.5638022e-001
 8.6029547e-001
 8.6438870e-001
 8.6640346e-001
 8.6353683e-001
 8.5483980e-001
 8.5010856e-001
 8.5313785e-001
 8.5192335e-001
 8.4969860e-001
 8.5518819e-001
 8.5884422e-001
 8.6091214e-001
 8.6115330e-001
 8.6091536e-001
 8.6089569e-001
 8.5982972e-001
 8.5706484e-001
 8.5178679e-001
 8.3947873e-001
 8.2639593e-001
 8.1399238e-001
 8.0074674e-001
 7.8530490e-001
 7.7739543e-001
 7.6325804e-001
 7.4364555e-001
 7.1588236e-001
 6.6769087e-001
 6.4809012e-001
 6.6308779e-001
 7.2225946e-001
 7.6195222e-001
 7.5767082e-001
 7.3205274e-001
 7.2774035e-001
 7.2349072e-001
 7.2625911e-001
 7.2296298e-001
 7.0940858e-001
 7.1266407e-001
 7.1420252e-001
 7.1727479e-001
 7.1733469e-001
 7.0520025e-001
 6.9133562e-001
 6.7562091e-001
