 s07_AV14 Record=20: Resolution  in microns 224 ch AVIRIS14a 
 9.8520983e-003
 9.7969994e-003
 9.7440993e-003
 9.6934997e-003
 9.6450998e-003
 9.5990002e-003
 9.5552001e-003
 9.5135989e-003
 9.4742998e-003
 9.4372993e-003
 9.4024995e-003
 9.3700001e-003
 9.3397005e-003
 9.3117002e-003
 9.2858989e-003
 9.2623988e-003
 9.2412001e-003
 9.2221992e-003
 9.2054997e-003
 9.1910996e-003
 9.1788992e-003
 9.1688996e-003
 9.1613000e-003
 9.1558993e-003
 9.1526993e-003
 9.1517996e-003
 9.1531994e-003
 9.1567989e-003
 9.1626998e-003
 9.1707995e-003
 9.1812992e-003
 9.1938991e-003
 9.9085001e-003
 9.8486999e-003
 9.7987000e-003
 9.7584995e-003
 9.7279996e-003
 9.7072991e-003
 9.6963989e-003
 9.6952002e-003
 9.7037992e-003
 9.7221993e-003
 9.7502992e-003
 9.7882990e-003
 9.8358989e-003
 9.8933987e-003
 9.9606002e-003
 1.0037499e-002
 1.0124300e-002
 1.0220800e-002
 1.0327100e-002
 1.0443100e-002
 1.0568900e-002
 1.0704500e-002
 1.0849800e-002
 1.1004900e-002
 1.1169801e-002
 1.1344400e-002
 1.1528800e-002
 1.1723000e-002
 1.1927000e-002
 1.0781500e-002
 9.7618001e-003
 9.7600995e-003
 9.7592995e-003
 9.7595993e-003
 9.7607998e-003
 9.7630993e-003
 9.7663989e-003
 9.7705992e-003
 9.7758994e-003
 9.7821988e-003
 9.7893989e-003
 9.7976997e-003
 9.8069990e-003
 9.8171989e-003
 9.8284995e-003
 9.8407995e-003
 9.8539991e-003
 9.8682996e-003
 9.8835984e-003
 9.8997997e-003
 9.9170990e-003
 9.9353995e-003
 9.9545997e-003
 9.9748997e-003
 9.9962000e-003
 1.0018399e-002
 1.0041701e-002
 1.0066000e-002
 1.0091300e-002
 1.0117499e-002
 1.0144800e-002
 1.0173099e-002
 1.0202399e-002
 1.0232599e-002
 1.0838299e-002
 1.0832699e-002
 1.0827200e-002
 1.0821899e-002
 1.0816699e-002
 1.0811599e-002
 1.0806699e-002
 1.0801999e-002
 1.0797299e-002
 1.0792799e-002
 1.0788499e-002
 1.0784199e-002
 1.0780199e-002
 1.0776199e-002
 1.0772399e-002
 1.0768700e-002
 1.0765200e-002
 1.0761800e-002
 1.0758500e-002
 1.0755399e-002
 1.0752399e-002
 1.0749600e-002
 1.0746899e-002
 1.0744300e-002
 1.0741900e-002
 1.0739599e-002
 1.0737399e-002
 1.0735399e-002
 1.0733499e-002
 1.0731700e-002
 1.0730099e-002
 1.0728700e-002
 1.0727299e-002
 1.0726099e-002
 1.0725100e-002
 1.0724099e-002
 1.0723399e-002
 1.0722700e-002
 1.0722199e-002
 1.0721800e-002
 1.0721600e-002
 1.0721500e-002
 1.0721500e-002
 1.0721700e-002
 1.0721999e-002
 1.0722499e-002
 1.0723099e-002
 1.0723799e-002
 1.0724599e-002
 1.0725600e-002
 1.0726799e-002
 1.0728099e-002
 1.0729500e-002
 1.0731000e-002
 1.0732699e-002
 1.0734499e-002
 1.0736499e-002
 1.0738599e-002
 1.0740899e-002
 1.0743200e-002
 1.0745700e-002
 1.0748399e-002
 1.0751200e-002
 1.0754099e-002
 1.1166600e-002
 1.1157899e-002
 1.1148900e-002
 1.1139600e-002
 1.1129900e-002
 1.1119899e-002
 1.1109600e-002
 1.1099000e-002
 1.1088099e-002
 1.1076899e-002
 1.1065301e-002
 1.1053399e-002
 1.1041300e-002
 1.1028701e-002
 1.1015899e-002
 1.1002799e-002
 1.0989300e-002
 1.0975600e-002
 1.0961501e-002
 1.0947100e-002
 1.0932299e-002
 1.0917299e-002
 1.0901900e-002
 1.0886298e-002
 1.0870299e-002
 1.0853999e-002
 1.0837299e-002
 1.0820399e-002
 1.0803099e-002
 1.0785599e-002
 1.0767700e-002
 1.0749400e-002
 1.0730899e-002
 1.0712098e-002
 1.0692899e-002
 1.0673399e-002
 1.0653599e-002
 1.0633499e-002
 1.0613099e-002
 1.0592399e-002
 1.0571300e-002
 1.0549900e-002
 1.0528200e-002
 1.0506200e-002
 1.0483899e-002
 1.0461201e-002
 1.0438300e-002
 1.0415000e-002
 1.0391400e-002
 1.0367501e-002
 1.0343300e-002
 1.0318700e-002
 1.0293799e-002
 1.0268700e-002
 1.0243200e-002
 1.0217398e-002
 1.0191200e-002
 1.0164800e-002
 1.0137999e-002
 1.0110899e-002
 1.0083499e-002
 1.0055800e-002
 1.0027800e-002
 9.9994000e-003
