 s07_AV14 Record=19: Wavelengths in microns 224 ch AVIRIS14a 
 3.6591369e-001
 3.7557766e-001
 3.8524663e-001
 3.9491966e-001
 4.0459663e-001
 4.1427866e-001
 4.2396465e-001
 4.3365467e-001
 4.4334963e-001
 4.5304966e-001
 4.6275267e-001
 4.7246066e-001
 4.8217365e-001
 4.9189067e-001
 5.0161165e-001
 5.1133758e-001
 5.2106762e-001
 5.3080165e-001
 5.4054070e-001
 5.5028361e-001
 5.6003165e-001
 5.6978363e-001
 5.7953966e-001
 5.8930063e-001
 5.9906572e-001
 6.0883570e-001
 6.1860865e-001
 6.2838763e-001
 6.3816971e-001
 6.4795768e-001
 6.5774870e-001
 6.6754472e-001
 6.5547568e-001
 6.6528267e-001
 6.7508465e-001
 6.8488169e-001
 6.9467270e-001
 7.0445967e-001
 7.1424061e-001
 7.2401667e-001
 7.3378664e-001
 7.4355274e-001
 7.5331271e-001
 7.6306766e-001
 7.7281666e-001
 7.8256166e-001
 7.9230058e-001
 8.0203563e-001
 8.1176466e-001
 8.2148761e-001
 8.3120662e-001
 8.4091967e-001
 8.5062766e-001
 8.6033064e-001
 8.7002867e-001
 8.7972069e-001
 8.8940763e-001
 8.9909065e-001
 9.0876669e-001
 9.1843861e-001
 9.2810464e-001
 9.3776667e-001
 9.4742274e-001
 9.5707268e-001
 9.6671861e-001
 9.7635859e-001
 9.8599452e-001
 9.9562466e-001
 1.0052537e+000
 1.0148635e+000
 1.0244834e+000
 1.0340935e+000
 1.0436935e+000
 1.0532937e+000
 1.0628836e+000
 1.0724735e+000
 1.0820636e+000
 1.0916338e+000
 1.1012137e+000
 1.1107737e+000
 1.1203437e+000
 1.1298937e+000
 1.1394435e+000
 1.1489936e+000
 1.1585337e+000
 1.1680735e+000
 1.1776036e+000
 1.1871338e+000
 1.1966537e+000
 1.2061638e+000
 1.2156737e+000
 1.2251837e+000
 1.2346836e+000
 1.2441736e+000
 1.2536637e+000
 1.2631438e+000
 1.2533536e+000
 1.2633337e+000
 1.2733039e+000
 1.2832738e+000
 1.2932438e+000
 1.3032136e+000
 1.3131936e+000
 1.3231636e+000
 1.3331337e+000
 1.3431035e+000
 1.3530735e+000
 1.3630437e+000
 1.3730137e+000
 1.3829836e+000
 1.3929535e+000
 1.4029237e+000
 1.4128937e+000
 1.4228635e+000
 1.4328336e+000
 1.4427936e+000
 1.4527636e+000
 1.4627335e+000
 1.4727036e+000
 1.4826636e+000
 1.4926337e+000
 1.5026035e+000
 1.5125735e+000
 1.5225337e+000
 1.5325036e+000
 1.5424634e+000
 1.5524336e+000
 1.5624036e+000
 1.5723636e+000
 1.5823337e+000
 1.5922937e+000
 1.6022637e+000
 1.6122236e+000
 1.6221837e+000
 1.6321536e+000
 1.6421136e+000
 1.6520735e+000
 1.6620437e+000
 1.6720037e+000
 1.6819637e+000
 1.6919339e+000
 1.7018938e+000
 1.7118536e+000
 1.7218137e+000
 1.7317737e+000
 1.7417337e+000
 1.7516936e+000
 1.7616637e+000
 1.7716237e+000
 1.7815837e+000
 1.7915438e+000
 1.8015037e+000
 1.8114535e+000
 1.8214136e+000
 1.8313736e+000
 1.8413336e+000
 1.8512937e+000
 1.8612536e+000
 1.8712137e+000
 1.8723636e+000
 1.8668436e+000
 1.8769138e+000
 1.8869636e+000
 1.8970237e+000
 1.9070835e+000
 1.9171337e+000
 1.9271836e+000
 1.9372336e+000
 1.9472736e+000
 1.9573135e+000
 1.9673635e+000
 1.9773937e+000
 1.9874337e+000
 1.9974635e+000
 2.0075037e+000
 2.0175238e+000
 2.0275538e+000
 2.0375838e+000
 2.0476038e+000
 2.0576239e+000
 2.0676436e+000
 2.0776536e+000
 2.0876637e+000
 2.0976837e+000
 2.1076837e+000
 2.1176937e+000
 2.1276937e+000
 2.1377037e+000
 2.1476936e+000
 2.1576936e+000
 2.1676936e+000
 2.1776836e+000
 2.1876736e+000
 2.1976635e+000
 2.2076437e+000
 2.2176337e+000
 2.2276139e+000
 2.2375839e+000
 2.2475638e+000
 2.2575338e+000
 2.2675138e+000
 2.2774839e+000
 2.2874439e+000
 2.2974136e+000
 2.3073738e+000
 2.3173337e+000
 2.3272936e+000
 2.3372438e+000
 2.3472037e+000
 2.3571534e+000
 2.3670936e+000
 2.3770437e+000
 2.3869936e+000
 2.3969336e+000
 2.4068739e+000
 2.4168038e+000
 2.4267440e+000
 2.4366739e+000
 2.4466040e+000
 2.4565339e+000
 2.4664540e+000
 2.4763837e+000
 2.4863038e+000
 2.4962239e+000
