s07_AV14 Record=843: Chrysotile ML99-12A Coar Fib ASDFRb AREF
 3.6548930e-001
 3.7759867e-001
 3.8489151e-001
 4.0126213e-001
 4.0853858e-001
 4.0561783e-001
 4.0341219e-001
 3.9984795e-001
 4.0108493e-001
 4.0559995e-001
 4.1482091e-001
 4.4316086e-001
 4.6841100e-001
 4.7915125e-001
 4.8761266e-001
 4.9685523e-001
 5.0336200e-001
 5.0720435e-001
 5.1000118e-001
 5.1169890e-001
 5.1154816e-001
 5.0944263e-001
 5.0573015e-001
 4.9998003e-001
 4.9208006e-001
 4.8269054e-001
 4.7252160e-001
 4.6210620e-001
 4.5145142e-001
 4.4088855e-001
 4.3100590e-001
 4.2203584e-001
 4.3323052e-001
 4.2403451e-001
 4.1576564e-001
 4.0816528e-001
 4.0104577e-001
 3.9442736e-001
 3.8836056e-001
 3.8286534e-001
 3.7856990e-001
 3.7552029e-001
 3.7371457e-001
 3.7318280e-001
 3.7361771e-001
 3.7452292e-001
 3.7533814e-001
 3.7558067e-001
 3.7492955e-001
 3.7329572e-001
 3.7075949e-001
 3.6750191e-001
 3.6379483e-001
 3.5989785e-001
 3.5603815e-001
 3.5235792e-001
 3.4893295e-001
 3.4595776e-001
 3.4369677e-001
 3.4181979e-001
 3.4019297e-001
 3.3714503e-001
 3.3216980e-001
 3.3285794e-001
 3.3553106e-001
 3.3566642e-001
 3.3488792e-001
 3.3380207e-001
 3.3254039e-001
 3.3002099e-001
 3.2776892e-001
 3.2524863e-001
 3.2261670e-001
 3.2008314e-001
 3.1735238e-001
 3.1507686e-001
 3.1257349e-001
 3.1024128e-001
 3.0838045e-001
 3.0657154e-001
 3.0516514e-001
 3.0372521e-001
 3.0252558e-001
 3.0136609e-001
 3.0059141e-001
 3.0022708e-001
 3.0016366e-001
 3.0034453e-001
 3.0083111e-001
 3.0134827e-001
 3.0200189e-001
 3.0258209e-001
 3.0327266e-001
 3.0376250e-001
 3.0320320e-001
 3.0179089e-001
 3.0332991e-001
 3.0179089e-001
 2.9943362e-001
 2.9708120e-001
 3.0147606e-001
 3.0620456e-001
 3.0844262e-001
 3.1016195e-001
 3.1031877e-001
 3.0672073e-001
 2.9070672e-001
 2.8334138e-001
 2.7152377e-001
 2.1081018e-001
 1.8906356e-001
 2.2527225e-001
 2.6497269e-001
 2.8072858e-001
 2.8895912e-001
 2.9606548e-001
 3.0044392e-001
 3.0347407e-001
 3.0693167e-001
 3.1036699e-001
 3.1374878e-001
 3.1635433e-001
 3.1862137e-001
 3.2120681e-001
 3.2376888e-001
 3.2614866e-001
 3.2860282e-001
 3.3073583e-001
 3.3272985e-001
 3.3469614e-001
 3.3646315e-001
 3.3799970e-001
 3.3939373e-001
 3.4067601e-001
 3.4180397e-001
 3.4297761e-001
 3.4394425e-001
 3.4466964e-001
 3.4515104e-001
 3.4545293e-001
 3.4538543e-001
 3.4475988e-001
 3.4354177e-001
 3.4189475e-001
 3.4005406e-001
 3.3783370e-001
 3.3485436e-001
 3.3150616e-001
 3.2860816e-001
 3.2665136e-001
 3.2472450e-001
 3.2320642e-001
 3.2142451e-001
 3.2079643e-001
 3.2138219e-001
 3.1822816e-001
 3.1095904e-001
 3.0236387e-001
 2.8674585e-001
 2.8440198e-001
 2.9462945e-001
 2.7119860e-001
 2.4298085e-001
 2.1782152e-001
 2.0328349e-001
 2.0064721e-001
 2.0305851e-001
 2.0545071e-001
 2.0531908e-001
 2.0296061e-001
 2.0018744e-001
 1.9870503e-001
 1.9969846e-001
 2.0319967e-001
 2.1037893e-001
 2.1535046e-001
 2.1766594e-001
 2.2199093e-001
 2.3193973e-001
 2.4404036e-001
 2.4856074e-001
 2.4019690e-001
 2.2461377e-001
 2.1443847e-001
 2.1150088e-001
 2.0920385e-001
 2.0677879e-001
 2.1123339e-001
 2.2474675e-001
 2.3660673e-001
 2.4184199e-001
 2.4299692e-001
 2.4237868e-001
 2.3960130e-001
 2.3465359e-001
 2.2424863e-001
 2.0284960e-001
 1.7691834e-001
 1.6453950e-001
 1.5865098e-001
 1.4196244e-001
 1.3517183e-001
 1.3140793e-001
 1.2455545e-001
 1.1401369e-001
 1.0280460e-001
 9.7966142e-002
 1.0027722e-001
 1.1606332e-001
 1.3181886e-001
 1.2742168e-001
 1.1990336e-001
 1.1804259e-001
 1.1519067e-001
 1.1608587e-001
 1.1589460e-001
 1.1328758e-001
 1.1051360e-001
 1.1487782e-001
 1.1927709e-001
 1.1726323e-001
 1.1038727e-001
 1.0707352e-001
 1.0315905e-001
