s07_AV14 Record=5465: Asphalt_Shingle GDS367 DkGry ASDFRa AREF
 6.9358453e-002
 7.2986446e-002
 7.8790396e-002
 8.7332770e-002
 9.4568133e-002
 9.6560247e-002
 9.5870651e-002
 9.4599031e-002
 9.3618706e-002
 9.3169957e-002
 9.3194932e-002
 9.3535207e-002
 9.4294779e-002
 9.5585205e-002
 9.6904077e-002
 9.8341167e-002
 1.0017380e-001
 1.0138822e-001
 1.0165946e-001
 1.0134640e-001
 1.0072651e-001
 9.9993408e-002
 9.9296652e-002
 9.8775797e-002
 9.8581247e-002
 9.8640852e-002
 9.8886348e-002
 9.9224292e-002
 9.9623024e-002
 1.0016403e-001
 1.0078234e-001
 1.0133801e-001
 1.0063971e-001
 1.0121792e-001
 1.0167264e-001
 1.0199871e-001
 1.0226613e-001
 1.0249077e-001
 1.0270976e-001
 1.0296395e-001
 1.0319992e-001
 1.0336795e-001
 1.0345279e-001
 1.0344519e-001
 1.0334991e-001
 1.0317368e-001
 1.0295406e-001
 1.0270624e-001
 1.0243877e-001
 1.0214533e-001
 1.0183972e-001
 1.0153009e-001
 1.0120063e-001
 1.0087480e-001
 1.0055912e-001
 1.0024478e-001
 9.9941216e-002
 9.9652857e-002
 9.9392749e-002
 9.9141635e-002
 9.8896340e-002
 9.8674633e-002
 9.8460823e-002
 9.8245680e-002
 9.8015510e-002
 9.7851016e-002
 9.7648010e-002
 9.7449213e-002
 9.7482502e-002
 9.7167686e-002
 9.6717514e-002
 9.6498042e-002
 9.6182622e-002
 9.5886715e-002
 9.5557459e-002
 9.5318340e-002
 9.4897173e-002
 9.4621219e-002
 9.4337814e-002
 9.4111875e-002
 9.3861833e-002
 9.3530275e-002
 9.3346745e-002
 9.3064435e-002
 9.2895411e-002
 9.2618316e-002
 9.2314832e-002
 9.2139184e-002
 9.1889150e-002
 9.1685638e-002
 9.1505364e-002
 9.1336638e-002
 9.1156967e-002
 9.1000870e-002
 9.0810955e-002
 9.0663657e-002
 9.0830117e-002
 9.0663657e-002
 9.0485252e-002
 9.0330817e-002
 9.0114504e-002
 8.9978859e-002
 8.9846767e-002
 8.9719161e-002
 8.9535423e-002
 8.9351743e-002
 8.9175731e-002
 8.8982590e-002
 8.8707805e-002
 8.8404119e-002
 8.7904193e-002
 8.6983278e-002
 8.6027220e-002
 8.6265102e-002
 8.7037988e-002
 8.7476090e-002
 8.7565787e-002
 8.7477073e-002
 8.7404557e-002
 8.7287053e-002
 8.7141313e-002
 8.7039754e-002
 8.6890690e-002
 8.6743355e-002
 8.6625002e-002
 8.6509407e-002
 8.6403266e-002
 8.6303741e-002
 8.6166337e-002
 8.6070582e-002
 8.5924879e-002
 8.5826926e-002
 8.5697576e-002
 8.5541733e-002
 8.5420057e-002
 8.5268714e-002
 8.5224047e-002
 8.5068844e-002
 8.4949985e-002
 8.4821641e-002
 8.4680051e-002
 8.4574953e-002
 8.4432453e-002
 8.4306255e-002
 8.4133729e-002
 8.3991446e-002
 8.3843194e-002
 8.3663113e-002
 8.3501577e-002
 8.3522767e-002
 8.3379015e-002
 8.3295591e-002
 8.3309129e-002
 8.3218977e-002
 8.3103068e-002
 8.3011732e-002
 8.2874022e-002
 8.2747698e-002
 8.2621008e-002
 8.2601577e-002
 8.2675800e-002
 8.2540497e-002
 8.2296573e-002
 8.2014173e-002
 8.1761248e-002
 8.1614904e-002
 8.1547722e-002
 8.1472799e-002
 8.1365995e-002
 8.1217222e-002
 8.1065319e-002
 8.0930643e-002
 8.0821060e-002
 8.0721781e-002
 8.0676265e-002
 8.0643028e-002
 8.0636598e-002
 8.0637649e-002
 8.0657579e-002
 8.0664210e-002
 8.0628186e-002
 8.0523014e-002
 8.0431290e-002
 8.0227450e-002
 7.9985291e-002
 7.9746678e-002
 7.9571404e-002
 7.9359487e-002
 7.9050563e-002
 7.8706689e-002
 7.8396775e-002
 7.7940278e-002
 7.7031590e-002
 7.5612284e-002
 7.3837720e-002
 7.3306359e-002
 7.3871195e-002
 7.4281484e-002
 7.4413031e-002
 7.4942753e-002
 7.5495839e-002
 7.5625025e-002
 7.5419888e-002
 7.4970722e-002
 7.4343219e-002
 7.3793508e-002
 7.3063567e-002
 7.2199903e-002
 7.1260348e-002
 7.1119040e-002
 7.1405798e-002
 7.1341038e-002
 7.1429998e-002
 7.1669236e-002
 7.1545660e-002
 7.1129054e-002
 7.0935443e-002
 7.0218027e-002
 6.9504924e-002
 6.9211677e-002
 6.9601998e-002
 7.0590824e-002
 7.1215652e-002
 7.2152138e-002
