s07_AV14 Record=5473: Asphalt_Tar GDS346 Blck_Roof ASDFRa AREF
 2.6740817e-002
 2.6580634e-002
 2.6453571e-002
 2.6294459e-002
 2.6115533e-002
 2.5957661e-002
 2.5889721e-002
 2.5773279e-002
 2.5740862e-002
 2.5707960e-002
 2.5657475e-002
 2.5603082e-002
 2.5537506e-002
 2.5468834e-002
 2.5416778e-002
 2.5371823e-002
 2.5326999e-002
 2.5298696e-002
 2.5261890e-002
 2.5232568e-002
 2.5202032e-002
 2.5168525e-002
 2.5105136e-002
 2.5031772e-002
 2.5019944e-002
 2.5059093e-002
 2.5048954e-002
 2.4969438e-002
 2.4905600e-002
 2.4858315e-002
 2.4829566e-002
 2.4796262e-002
 2.4836898e-002
 2.4802908e-002
 2.4770152e-002
 2.4732528e-002
 2.4695225e-002
 2.4650495e-002
 2.4609512e-002
 2.4567369e-002
 2.4522755e-002
 2.4476588e-002
 2.4429740e-002
 2.4380198e-002
 2.4327837e-002
 2.4271481e-002
 2.4219420e-002
 2.4171375e-002
 2.4128063e-002
 2.4093881e-002
 2.4074618e-002
 2.4067704e-002
 2.4070282e-002
 2.4102489e-002
 2.4145700e-002
 2.4194608e-002
 2.4259388e-002
 2.4327759e-002
 2.4418266e-002
 2.4504799e-002
 2.4593076e-002
 2.4691653e-002
 2.4795583e-002
 2.4880044e-002
 2.4975209e-002
 2.5078768e-002
 2.5143428e-002
 2.5240107e-002
 2.5309172e-002
 2.5387196e-002
 2.5250548e-002
 2.5414189e-002
 2.5492020e-002
 2.5527662e-002
 2.5569227e-002
 2.5618894e-002
 2.5662651e-002
 2.5665518e-002
 2.5733789e-002
 2.5769588e-002
 2.5766402e-002
 2.5783943e-002
 2.5853146e-002
 2.5842249e-002
 2.5904467e-002
 2.5900060e-002
 2.5930287e-002
 2.5947306e-002
 2.5952764e-002
 2.5985537e-002
 2.6010158e-002
 2.6018610e-002
 2.6054477e-002
 2.6076982e-002
 2.6094846e-002
 2.6107540e-002
 2.6092233e-002
 2.6107540e-002
 2.6119463e-002
 2.6154947e-002
 2.6174759e-002
 2.6184034e-002
 2.6215661e-002
 2.6241634e-002
 2.6241275e-002
 2.6248371e-002
 2.6283620e-002
 2.6301580e-002
 2.6276479e-002
 2.6301207e-002
 2.6323672e-002
 2.6306534e-002
 2.6309941e-002
 2.6341531e-002
 2.6410880e-002
 2.6437625e-002
 2.6475601e-002
 2.6490211e-002
 2.6509330e-002
 2.6520422e-002
 2.6543850e-002
 2.6578715e-002
 2.6583008e-002
 2.6617922e-002
 2.6629282e-002
 2.6655624e-002
 2.6668532e-002
 2.6711827e-002
 2.6708147e-002
 2.6744751e-002
 2.6749888e-002
 2.6743244e-002
 2.6773388e-002
 2.6765566e-002
 2.6775114e-002
 2.6783459e-002
 2.6818475e-002
 2.6816970e-002
 2.6800061e-002
 2.6824167e-002
 2.6792336e-002
 2.6803492e-002
 2.6807398e-002
 2.6763568e-002
 2.6783777e-002
 2.6754206e-002
 2.6808331e-002
 2.6769781e-002
 2.6724230e-002
 2.6834853e-002
 2.6836384e-002
 2.6828120e-002
 2.6835389e-002
 2.6844842e-002
 2.6866315e-002
 2.6875753e-002
 2.6889903e-002
 2.6948337e-002
 2.6949778e-002
 2.6946494e-002
 2.6951585e-002
 2.6934680e-002
 2.6954096e-002
 2.6976112e-002
 2.6930919e-002
 2.6946492e-002
 2.6945332e-002
 2.6953321e-002
 2.6965868e-002
 2.6964806e-002
 2.6957788e-002
 2.6948387e-002
 2.6966857e-002
 2.6996242e-002
 2.7015628e-002
 2.7057964e-002
 2.7093105e-002
 2.7110288e-002
 2.7176127e-002
 2.7204612e-002
 2.7273681e-002
 2.7299296e-002
 2.7291311e-002
 2.7328581e-002
 2.7319266e-002
 2.7343653e-002
 2.7338956e-002
 2.7316662e-002
 2.7222306e-002
 2.7234158e-002
 2.7202625e-002
 2.7207064e-002
 2.7159117e-002
 2.7213367e-002
 2.7192594e-002
 2.7174506e-002
 2.7165398e-002
 2.7145956e-002
 2.7070424e-002
 2.6995670e-002
 2.6904751e-002
 2.6815061e-002
 2.6807234e-002
 2.6765766e-002
 2.6679590e-002
 2.6776692e-002
 2.6790207e-002
 2.6832664e-002
 2.6854483e-002
 2.6823539e-002
 2.6796808e-002
 2.6740935e-002
 2.6816742e-002
 2.6733331e-002
 2.6622398e-002
 2.6588393e-002
 2.6719153e-002
 2.6636016e-002
 2.6590789e-002
-1.2300000e+034
-1.2300000e+034
-1.2300000e+034
-1.2300000e+034
-1.2300000e+034
