s07_AV14 Record=847: Chrysotile ML99-12C Fine Fib ASDFRb AREF
 9.2931256e-002
 9.7651958e-002
 1.0148916e-001
 1.0548685e-001
 1.0841917e-001
 1.1089037e-001
 1.1393666e-001
 1.1694479e-001
 1.1940908e-001
 1.2203625e-001
 1.2503919e-001
 1.2937728e-001
 1.3370024e-001
 1.3690437e-001
 1.4019682e-001
 1.4347838e-001
 1.4598587e-001
 1.4791976e-001
 1.4966449e-001
 1.5117320e-001
 1.5232261e-001
 1.5296783e-001
 1.5321621e-001
 1.5315847e-001
 1.5294926e-001
 1.5304744e-001
 1.5254574e-001
 1.5126917e-001
 1.5024360e-001
 1.4920500e-001
 1.4800781e-001
 1.4680572e-001
 1.4828956e-001
 1.4708000e-001
 1.4592636e-001
 1.4485784e-001
 1.4389226e-001
 1.4292587e-001
 1.4200474e-001
 1.4114541e-001
 1.4048250e-001
 1.4003913e-001
 1.3984275e-001
 1.3989860e-001
 1.4019231e-001
 1.4063840e-001
 1.4113815e-001
 1.4160044e-001
 1.4189824e-001
 1.4200507e-001
 1.4183152e-001
 1.4141169e-001
 1.4085354e-001
 1.4020371e-001
 1.3953672e-001
 1.3890803e-001
 1.3832538e-001
 1.3783233e-001
 1.3752365e-001
 1.3731800e-001
 1.3721798e-001
 1.3693076e-001
 1.3625038e-001
 1.3682248e-001
 1.3749267e-001
 1.3790731e-001
 1.3817795e-001
 1.3837783e-001
 1.3836700e-001
 1.3843402e-001
 1.3832587e-001
 1.3826932e-001
 1.3818561e-001
 1.3796237e-001
 1.3769655e-001
 1.3749313e-001
 1.3719930e-001
 1.3686661e-001
 1.3662268e-001
 1.3643774e-001
 1.3631782e-001
 1.3606352e-001
 1.3580018e-001
 1.3549054e-001
 1.3534573e-001
 1.3530606e-001
 1.3537356e-001
 1.3548219e-001
 1.3572718e-001
 1.3597211e-001
 1.3629875e-001
 1.3662255e-001
 1.3703971e-001
 1.3738218e-001
 1.3756104e-001
 1.3755235e-001
 1.3755420e-001
 1.3755235e-001
 1.3741620e-001
 1.3729016e-001
 1.3807690e-001
 1.3891739e-001
 1.3931434e-001
 1.3957848e-001
 1.3966475e-001
 1.3924886e-001
 1.3703631e-001
 1.3554412e-001
 1.3149861e-001
 1.1520847e-001
 1.1119764e-001
 1.2217049e-001
 1.3130710e-001
 1.3515350e-001
 1.3659447e-001
 1.3756213e-001
 1.3821431e-001
 1.3871562e-001
 1.3926251e-001
 1.3982955e-001
 1.4043568e-001
 1.4090972e-001
 1.4126974e-001
 1.4167361e-001
 1.4211914e-001
 1.4249618e-001
 1.4283887e-001
 1.4315698e-001
 1.4340959e-001
 1.4358658e-001
 1.4371827e-001
 1.4383213e-001
 1.4390413e-001
 1.4394780e-001
 1.4391617e-001
 1.4386065e-001
 1.4375086e-001
 1.4359267e-001
 1.4342077e-001
 1.4327462e-001
 1.4309175e-001
 1.4283787e-001
 1.4250208e-001
 1.4207698e-001
 1.4157985e-001
 1.4103977e-001
 1.4049937e-001
 1.4004520e-001
 1.3959341e-001
 1.3929524e-001
 1.3899511e-001
 1.3877463e-001
 1.3859418e-001
 1.3851745e-001
 1.3850403e-001
 1.3814737e-001
 1.3736737e-001
 1.3659115e-001
 1.3528350e-001
 1.3504282e-001
 1.3601375e-001
 1.3359369e-001
 1.3033621e-001
 1.2671536e-001
 1.2294744e-001
 1.2026779e-001
 1.1927827e-001
 1.1880995e-001
 1.1835867e-001
 1.1773957e-001
 1.1706509e-001
 1.1670997e-001
 1.1691904e-001
 1.1791688e-001
 1.1972608e-001
 1.2108394e-001
 1.2183559e-001
 1.2278109e-001
 1.2449304e-001
 1.2626211e-001
 1.2695141e-001
 1.2571044e-001
 1.2289691e-001
 1.2108140e-001
 1.2115496e-001
 1.2064870e-001
 1.1992078e-001
 1.2151806e-001
 1.2360193e-001
 1.2516609e-001
 1.2594239e-001
 1.2606636e-001
 1.2595326e-001
 1.2566537e-001
 1.2504689e-001
 1.2306017e-001
 1.1852272e-001
 1.1337055e-001
 1.1002400e-001
 1.0743803e-001
 1.0319440e-001
 1.0094576e-001
 9.8652929e-002
 9.4870925e-002
 8.9403793e-002
 8.1325978e-002
 7.6709166e-002
 7.8535058e-002
 8.8228360e-002
 9.7051054e-002
 9.6412480e-002
 9.2414573e-002
 9.1380030e-002
 9.0221487e-002
 9.0434685e-002
 8.9509152e-002
 8.7795720e-002
 8.7495901e-002
 8.8242441e-002
 8.9081757e-002
 8.9373954e-002
 8.6867020e-002
 8.5179575e-002
 8.2833670e-002
