s07_AV14 Record=5457: Asphalt GDS376 Blck_Road old ASDFRa AREF
 5.5057283e-002
 5.6191258e-002
 5.7679117e-002
 5.9356939e-002
 6.0913946e-002
 6.2355220e-002
 6.3944198e-002
 6.5805599e-002
 6.7766607e-002
 6.9362625e-002
 7.0528150e-002
 7.1540996e-002
 7.2683066e-002
 7.4123971e-002
 7.5806595e-002
 7.7596299e-002
 7.9464912e-002
 8.1400760e-002
 8.3472647e-002
 8.5642502e-002
 8.7907992e-002
 9.0281241e-002
 9.2549026e-002
 9.4578810e-002
 9.6259430e-002
 9.7649172e-002
 9.8905444e-002
 1.0007460e-001
 1.0119961e-001
 1.0239074e-001
 1.0362083e-001
 1.0486703e-001
 1.0333293e-001
 1.0457765e-001
 1.0585413e-001
 1.0719123e-001
 1.0854686e-001
 1.0992005e-001
 1.1132385e-001
 1.1271749e-001
 1.1406130e-001
 1.1535670e-001
 1.1659221e-001
 1.1777568e-001
 1.1886375e-001
 1.1988362e-001
 1.2082537e-001
 1.2171239e-001
 1.2255400e-001
 1.2338059e-001
 1.2415773e-001
 1.2491501e-001
 1.2563714e-001
 1.2631482e-001
 1.2700185e-001
 1.2774108e-001
 1.2853141e-001
 1.2934427e-001
 1.3016003e-001
 1.3099536e-001
 1.3185480e-001
 1.3274337e-001
 1.3365397e-001
 1.3459775e-001
 1.3550134e-001
 1.3644113e-001
 1.3737588e-001
 1.3821112e-001
 1.3834779e-001
 1.3928001e-001
 1.3992772e-001
 1.4093794e-001
 1.4177497e-001
 1.4256522e-001
 1.4339568e-001
 1.4417094e-001
 1.4505701e-001
 1.4592317e-001
 1.4675647e-001
 1.4771999e-001
 1.4852820e-001
 1.4950480e-001
 1.5048678e-001
 1.5145968e-001
 1.5245329e-001
 1.5329702e-001
 1.5413739e-001
 1.5492736e-001
 1.5578368e-001
 1.5659468e-001
 1.5749899e-001
 1.5834975e-001
 1.5930451e-001
 1.6013701e-001
 1.6107628e-001
 1.6187505e-001
 1.6098826e-001
 1.6187505e-001
 1.6282839e-001
 1.6375169e-001
 1.6462219e-001
 1.6556460e-001
 1.6653350e-001
 1.6751972e-001
 1.6852169e-001
 1.6950183e-001
 1.7039058e-001
 1.7120200e-001
 1.7176747e-001
 1.7198223e-001
 1.7116515e-001
 1.6954437e-001
 1.6904949e-001
 1.7211062e-001
 1.7521179e-001
 1.7709008e-001
 1.7844930e-001
 1.7962576e-001
 1.8081857e-001
 1.8204384e-001
 1.8320774e-001
 1.8433866e-001
 1.8546814e-001
 1.8652749e-001
 1.8748963e-001
 1.8837978e-001
 1.8942459e-001
 1.9046074e-001
 1.9152340e-001
 1.9253573e-001
 1.9350573e-001
 1.9452505e-001
 1.9555227e-001
 1.9644925e-001
 1.9734155e-001
 1.9815853e-001
 1.9902208e-001
 1.9964993e-001
 2.0009610e-001
 2.0043099e-001
 2.0053762e-001
 2.0073041e-001
 2.0107831e-001
 2.0124349e-001
 2.0202270e-001
 2.0358494e-001
 2.0443697e-001
 2.0504297e-001
 2.0630457e-001
 2.0795943e-001
 2.0918208e-001
 2.0962919e-001
 2.0992057e-001
 2.1068348e-001
 2.1145579e-001
 2.1222453e-001
 2.1313967e-001
 2.1380049e-001
 2.1383308e-001
 2.1377526e-001
 2.1391541e-001
 2.1323489e-001
 2.1064268e-001
 2.0534721e-001
 2.0076938e-001
 2.0088696e-001
 2.0318989e-001
 2.0532955e-001
 2.0714618e-001
 2.0860188e-001
 2.0985857e-001
 2.1128058e-001
 2.1281165e-001
 2.1434037e-001
 2.1604794e-001
 2.1752255e-001
 2.1895464e-001
 2.2017860e-001
 2.2132704e-001
 2.2235146e-001
 2.2313471e-001
 2.2376221e-001
 2.2420700e-001
 2.2430480e-001
 2.2445451e-001
 2.2436887e-001
 2.2426707e-001
 2.2354466e-001
 2.2201873e-001
 2.1999419e-001
 2.1822083e-001
 2.1560608e-001
 2.1152851e-001
 2.0804411e-001
 2.0770678e-001
 2.1188857e-001
 2.1500245e-001
 2.1564324e-001
 2.1465431e-001
 2.1147314e-001
 2.0628867e-001
 2.0225006e-001
 1.9922851e-001
 1.9352290e-001
 1.8660121e-001
 1.8787514e-001
 1.9049406e-001
 1.8826893e-001
 1.8389578e-001
 1.8575011e-001
 1.8822733e-001
 1.8824290e-001
 1.8753323e-001
 1.8693225e-001
 1.8675390e-001
 1.8606263e-001
 1.8468656e-001
 1.8381095e-001
 1.8248950e-001
 1.8178006e-001
 1.8117706e-001
 1.8388934e-001
 1.8597387e-001
 1.8628643e-001
