s07_AV14 Record=7084: Oak Oak-Leaf-2 dried         ASDFRa AREF
 2.5467589e-002
 3.1181689e-002
 3.5146397e-002
 4.1548554e-002
 5.0771836e-002
 6.0675256e-002
 7.1566790e-002
 8.2279846e-002
 9.1164276e-002
 9.8109998e-002
 1.0225356e-001
 1.0495712e-001
 1.0748985e-001
 1.1125109e-001
 1.1912418e-001
 1.3387676e-001
 1.5686022e-001
 1.7764543e-001
 1.8635282e-001
 1.9442387e-001
 1.9738308e-001
 1.8853444e-001
 1.7678089e-001
 1.6966186e-001
 1.6493270e-001
 1.5739404e-001
 1.4985406e-001
 1.4690734e-001
 1.4464252e-001
 1.3613096e-001
 1.2500158e-001
 1.1483880e-001
 1.2768304e-001
 1.1671960e-001
 1.1338501e-001
 1.2413406e-001
 1.6954403e-001
 2.7417800e-001
 3.9716214e-001
 4.8897457e-001
 5.4934794e-001
 5.8919871e-001
 6.1579782e-001
 6.3316387e-001
 6.4448279e-001
 6.5243107e-001
 6.5852940e-001
 6.6370690e-001
 6.6860533e-001
 6.7366880e-001
 6.7934215e-001
 6.8531311e-001
 6.9091499e-001
 6.9565886e-001
 6.9934851e-001
 7.0209867e-001
 7.0445853e-001
 7.0649749e-001
 7.0851517e-001
 7.1063149e-001
 7.1245390e-001
 7.1394199e-001
 7.1406102e-001
 7.1406621e-001
-1.2300000e+034
-1.2300000e+034
-1.2300000e+034
 7.3078197e-001
 7.3077965e-001
 7.3205441e-001
 7.3340452e-001
 7.3524398e-001
 7.3657954e-001
 7.3802292e-001
 7.3937517e-001
 7.4058867e-001
 7.4171567e-001
 7.4245489e-001
 7.4285495e-001
 7.4263090e-001
 7.4151880e-001
 7.3858291e-001
 7.3497719e-001
 7.3054475e-001
 7.2506481e-001
 7.1937287e-001
 7.1304911e-001
 7.0743930e-001
 7.0354962e-001
 7.0209485e-001
 7.0378268e-001
 7.0953810e-001
 7.1563464e-001
 7.1950334e-001
 7.2215694e-001
 7.2354507e-001
 7.2193456e-001
 7.2354507e-001
 7.2427148e-001
 7.2517049e-001
 7.2632205e-001
 7.2690785e-001
 7.2634995e-001
 7.2442180e-001
 7.2012597e-001
 7.1246672e-001
 7.0206565e-001
 6.9113779e-001
 6.8241286e-001
 6.7238081e-001
 6.5781081e-001
 6.3575250e-001
 6.0170114e-001
 5.6546211e-001
 5.3836906e-001
 5.2543318e-001
 5.2279091e-001
 5.2434123e-001
 5.2763152e-001
 5.3113997e-001
 5.3401238e-001
 5.3781736e-001
 5.4277897e-001
 5.4788017e-001
 5.5207783e-001
 5.5519950e-001
 5.5806071e-001
 5.5986810e-001
 5.6118858e-001
 5.6344557e-001
 5.6688505e-001
 5.7124805e-001
 5.7556814e-001
 5.7867438e-001
 5.8054060e-001
 5.8117056e-001
 5.7798809e-001
 5.7010168e-001
 5.6104833e-001
 5.5147564e-001
 5.3977865e-001
 5.2808422e-001
 5.1712531e-001
 5.0773036e-001
 5.0647300e-001
 5.1261979e-001
 5.1448590e-001
 5.1720667e-001
 5.2469766e-001
 5.3080159e-001
 5.3421420e-001
 5.3594410e-001
 5.3731900e-001
 5.4036260e-001
 5.4412347e-001
 5.4847693e-001
 5.5218041e-001
 5.5250680e-001
 5.4733735e-001
 5.4635048e-001
 5.5027944e-001
 5.3985846e-001
 5.1437545e-001
 4.6926761e-001
 4.2076737e-001
 3.9196435e-001
 3.8279781e-001
 3.8532817e-001
 3.9299074e-001
 4.0246439e-001
 4.1149837e-001
 4.1881973e-001
 4.2499503e-001
 4.2811599e-001
 4.2636999e-001
 4.1844761e-001
 4.0438935e-001
 3.8580418e-001
 3.6726311e-001
 3.5440838e-001
 3.4851834e-001
 3.4495139e-001
 3.4120485e-001
 3.3751854e-001
 3.3454388e-001
 3.3208522e-001
 3.2928050e-001
 3.2690307e-001
 3.2624733e-001
 3.2790440e-001
 3.3162493e-001
 3.3741257e-001
 3.4517846e-001
 3.5357836e-001
 3.6092389e-001
 3.6554649e-001
 3.6500293e-001
 3.5621378e-001
 3.3957061e-001
 3.2032019e-001
 3.0395326e-001
 2.9318169e-001
 2.8272712e-001
 2.7160260e-001
 2.6437482e-001
 2.6938456e-001
 2.7438793e-001
 2.7106419e-001
 2.6601058e-001
 2.7028480e-001
 2.7495098e-001
 2.7759102e-001
 2.7862453e-001
 2.7891210e-001
 2.7793366e-001
 2.7419639e-001
 2.6829401e-001
 2.5987932e-001
 2.4885233e-001
 2.3802082e-001
 2.2956781e-001
 2.2245960e-001
 2.1864067e-001
 2.1858469e-001
