s07_AV14 Record=5591: Concrete GDS375 Lt Gry Road  ASDFRa AREF
 1.5775797e-001
 1.6406316e-001
 1.7221275e-001
 1.8036473e-001
 1.8774344e-001
 1.9464448e-001
 2.0207152e-001
 2.1044908e-001
 2.1877243e-001
 2.2556672e-001
 2.3060744e-001
 2.3498145e-001
 2.3986989e-001
 2.4584760e-001
 2.5262985e-001
 2.5958458e-001
 2.6654282e-001
 2.7345487e-001
 2.8010407e-001
 2.8637204e-001
 2.9222205e-001
 2.9753429e-001
 3.0198786e-001
 3.0535874e-001
 3.0786434e-001
 3.0978069e-001
 3.1124979e-001
 3.1231251e-001
 3.1313351e-001
 3.1387678e-001
 3.1456736e-001
 3.1522775e-001
 3.1440988e-001
 3.1507829e-001
 3.1570303e-001
 3.1626686e-001
 3.1677449e-001
 3.1722659e-001
 3.1763965e-001
 3.1796324e-001
 3.1820786e-001
 3.1837714e-001
 3.1841674e-001
 3.1831163e-001
 3.1807756e-001
 3.1771088e-001
 3.1724256e-001
 3.1670475e-001
 3.1611544e-001
 3.1547219e-001
 3.1479329e-001
 3.1410301e-001
 3.1342259e-001
 3.1277016e-001
 3.1213427e-001
 3.1157520e-001
 3.1109360e-001
 3.1067282e-001
 3.1031990e-001
 3.1003311e-001
 3.0982053e-001
 3.0966184e-001
 3.0955929e-001
 3.0952397e-001
 3.0948028e-001
 3.0951414e-001
 3.0956930e-001
 3.0957493e-001
 3.0963531e-001
 3.0972284e-001
 3.0952641e-001
 3.0971295e-001
 3.0984855e-001
 3.0990088e-001
 3.1002980e-001
 3.1021655e-001
 3.1047285e-001
 3.1077123e-001
 3.1105620e-001
 3.1144789e-001
 3.1172866e-001
 3.1225088e-001
 3.1280658e-001
 3.1324580e-001
 3.1367177e-001
 3.1397989e-001
 3.1437927e-001
 3.1468743e-001
 3.1508520e-001
 3.1541911e-001
 3.1585008e-001
 3.1618735e-001
 3.1660327e-001
 3.1695667e-001
 3.1735837e-001
 3.1769919e-001
 3.1730512e-001
 3.1769919e-001
 3.1807971e-001
 3.1846160e-001
 3.1884566e-001
 3.1924021e-001
 3.1968755e-001
 3.2008711e-001
 3.2048830e-001
 3.2080415e-001
 3.2123005e-001
 3.2154837e-001
 3.2147253e-001
 3.2099271e-001
 3.1971255e-001
 3.1763151e-001
 3.1601521e-001
 3.1699052e-001
 3.1856981e-001
 3.1974652e-001
 3.2067496e-001
 3.2155988e-001
 3.2261449e-001
 3.2389736e-001
 3.2516634e-001
 3.2637998e-001
 3.2760289e-001
 3.2878849e-001
 3.2985970e-001
 3.3091336e-001
 3.3196568e-001
 3.3295816e-001
 3.3399263e-001
 3.3501902e-001
 3.3602631e-001
 3.3696762e-001
 3.3792901e-001
 3.3877784e-001
 3.3969662e-001
 3.4059799e-001
 3.4151778e-001
 3.4236711e-001
 3.4326372e-001
 3.4416649e-001
 3.4500438e-001
 3.4580100e-001
 3.4652573e-001
 3.4711871e-001
 3.4756666e-001
 3.4784392e-001
 3.4807155e-001
 3.4840453e-001
 3.4882343e-001
 3.4947625e-001
 3.5006270e-001
 3.5036853e-001
 3.5056880e-001
 3.5127518e-001
 3.5174298e-001
 3.5187572e-001
 3.5176226e-001
 3.5081953e-001
 3.4769833e-001
 3.4720445e-001
 3.4930843e-001
 3.4434655e-001
 3.3611083e-001
 3.2338658e-001
 3.1077719e-001
 3.0496913e-001
 3.0459422e-001
 3.0637798e-001
 3.0888709e-001
 3.1139922e-001
 3.1390044e-001
 3.1671870e-001
 3.1952968e-001
 3.2248327e-001
 3.2600853e-001
 3.2885936e-001
 3.3156538e-001
 3.3389735e-001
 3.3610466e-001
 3.3809340e-001
 3.3974677e-001
 3.4130263e-001
 3.4274864e-001
 3.4372914e-001
 3.4475300e-001
 3.4541422e-001
 3.4592867e-001
 3.4597811e-001
 3.4559265e-001
 3.4453508e-001
 3.4332162e-001
 3.4132275e-001
 3.3824214e-001
 3.3551735e-001
 3.3410677e-001
 3.3467320e-001
 3.3497551e-001
 3.3471304e-001
 3.3407128e-001
 3.3356777e-001
 3.3273765e-001
 3.3144459e-001
 3.2931131e-001
 3.2690254e-001
 3.2455859e-001
 3.2190761e-001
 3.1818664e-001
 3.1453645e-001
 3.1296813e-001
 3.1379715e-001
 3.1426877e-001
 3.1258252e-001
 3.0965951e-001
 3.0621246e-001
 3.0221516e-001
 2.9758194e-001
 2.9257837e-001
 2.8791833e-001
 2.8338596e-001
 2.7907827e-001
 2.7438313e-001
 2.6938367e-001
 2.6741970e-001
 2.6327023e-001
