s07_AV14 Record=835: Chrysotile HS323.1B           BECKa AREF
 7.6536602e-001
 7.8006929e-001
 7.9725599e-001
 8.1301767e-001
 8.2502556e-001
 8.3356667e-001
 8.4042925e-001
 8.4351110e-001
 8.4792536e-001
 8.5590214e-001
 8.5826027e-001
 8.6266077e-001
 8.6727566e-001
 8.7051046e-001
 8.7200987e-001
 8.7577713e-001
 8.8134199e-001
 8.8186836e-001
 8.8326424e-001
 8.8451713e-001
 8.8678497e-001
 8.8719177e-001
 8.8939202e-001
 8.9099884e-001
 8.9167446e-001
 8.9190602e-001
 8.9313078e-001
 8.9271879e-001
 8.9286929e-001
 8.9174116e-001
 8.9293432e-001
 8.9275002e-001
 8.9244467e-001
 8.9329845e-001
 8.9087152e-001
 8.9163220e-001
 8.9278173e-001
 8.9156604e-001
 8.8993055e-001
 8.9010298e-001
 8.9088386e-001
 8.9231992e-001
 8.9664990e-001
 8.9550495e-001
 8.9039356e-001
 8.9266217e-001
 8.9240402e-001
 8.9602101e-001
 8.8971156e-001
 8.9046597e-001
 8.9632714e-001
 8.8786769e-001
 8.9125210e-001
 8.8160557e-001
 8.8991457e-001
 8.9322037e-001
 8.9202887e-001
 8.9372379e-001
 8.8974351e-001
 8.8920605e-001
 8.9074469e-001
 8.8625973e-001
 8.8785422e-001
 8.9001083e-001
 8.9233059e-001
 8.9198393e-001
 8.9068866e-001
 8.8976312e-001
 8.9166617e-001
 8.9141166e-001
 8.9103401e-001
 8.8979810e-001
 8.9054394e-001
 8.8978469e-001
 8.8865095e-001
 8.8789403e-001
 8.8919777e-001
 8.8894105e-001
 8.8912898e-001
 8.8798511e-001
 8.8598621e-001
 8.8806552e-001
 8.8915431e-001
 8.8777363e-001
 8.8673764e-001
 8.8622642e-001
 8.8569015e-001
 8.8445461e-001
 8.8430119e-001
 8.8554674e-001
 8.8566995e-001
 8.8650227e-001
 8.8536209e-001
 8.8366139e-001
 8.8543433e-001
 8.8294393e-001
 8.8540411e-001
 8.8297194e-001
 8.8214439e-001
 8.8055092e-001
 8.8223022e-001
 8.8051510e-001
 8.8134605e-001
 8.7992150e-001
 8.8021022e-001
 8.7833452e-001
 8.7089688e-001
 8.6813480e-001
 8.5440522e-001
 7.8397030e-001
 7.9240721e-001
 8.4125900e-001
 8.5932070e-001
 8.6781675e-001
 8.7021202e-001
 8.7169719e-001
 8.7056088e-001
 8.6885780e-001
 8.7144566e-001
 8.7194037e-001
 8.7311673e-001
 8.7364805e-001
 8.7005258e-001
 8.7243867e-001
 8.7212253e-001
 8.6998075e-001
 8.7439847e-001
 8.7303561e-001
 8.7393343e-001
 8.7251359e-001
 8.7388629e-001
 8.7267393e-001
 8.7276524e-001
 8.7177998e-001
 8.6848813e-001
 8.6850804e-001
 8.7145430e-001
 8.6793721e-001
 8.7005371e-001
 8.6698860e-001
 8.6996084e-001
 8.6650157e-001
 8.6508971e-001
 8.6580527e-001
 8.6772454e-001
 8.6637044e-001
 8.5948461e-001
 8.6230910e-001
 8.6572701e-001
 8.5968590e-001
 8.6206990e-001
 8.5819179e-001
 8.5766625e-001
 8.5994625e-001
 8.5747218e-001
 8.5602188e-001
 8.5204202e-001
 8.5050398e-001
 8.5033995e-001
 8.4988528e-001
 8.5107148e-001
 8.4695977e-001
 8.3808637e-001
 8.2953036e-001
 8.1614965e-001
 8.0405748e-001
 8.0299920e-001
 8.0618453e-001
 8.0596364e-001
 8.0539340e-001
 8.0409873e-001
 8.0481857e-001
 8.1005496e-001
 8.1004786e-001
 8.1412685e-001
 8.1679857e-001
 8.2269573e-001
 8.2649368e-001
 8.3300710e-001
 8.4102231e-001
 8.3749187e-001
 8.3467656e-001
 8.2564968e-001
 8.2143986e-001
 8.2728153e-001
 8.2531244e-001
 8.2432723e-001
 8.2966477e-001
 8.3221316e-001
 8.3041048e-001
 8.3267212e-001
 8.3307546e-001
 8.3391762e-001
 8.2865196e-001
 8.2510442e-001
 8.2506150e-001
 8.1468552e-001
 7.9280269e-001
 7.8411525e-001
 7.7274203e-001
 7.6184404e-001
 7.5061280e-001
 7.4519932e-001
 7.3199773e-001
 6.8803757e-001
 6.3363850e-001
 6.1756819e-001
 6.4315230e-001
 6.9533765e-001
 7.4166030e-001
 7.3953146e-001
 7.0702106e-001
 7.0374316e-001
 7.0134103e-001
 6.9894052e-001
 6.9732064e-001
 6.9317853e-001
 6.8879992e-001
 6.8802685e-001
 6.8908596e-001
 6.8666261e-001
 6.7754525e-001
 6.6539490e-001
 6.5601903e-001
